1642114105920307388 106.511947 0.000000
1642114106099743086 106.489476 0.000000
1642114107300736324 106.512434 0.000000
1642114110761774780 106.548437 0.000000
1642114110941304923 106.631550 0.000000
1642114111120717506 106.497208 0.000000
1642114112247906322 106.530015 0.000000
1642114115270465856 106.579173 0.000000
1642114118801521986 106.513049 0.000000
1642114119928766422 106.593947 0.000000
1642114120399820479 106.595555 0.000000
1642114120870678906 106.616910 0.000000
1642114123675124121 106.553411 0.000000
1642114125750987455 106.480417 0.000000
1642114125930402040 106.537991 0.000000
1642114126547416236 106.597384 0.000000
1642114127237263478 106.610905 0.000000
1642114128073781667 106.545273 0.000000
1642114128326134620 106.422742 0.000000
1642114128870203670 106.497411 0.000000
1642114131601729948 106.453353 0.000000
1642114132072649501 106.500323 0.000000
1642114132836029242 106.496969 0.000000
1642114133453027896 106.556965 0.000000
