1642114105083746204 73.027953 0.000000
1642114105156792545 73.035246 0.000000
1642114105230239936 73.436741 0.000000
1642114105303218985 72.969106 0.000000
1642114105376163079 72.933714 0.000000
1642114105449037435 72.863391 0.000000
1642114105521952055 72.904576 0.000000
1642114105594850943 72.888704 0.000000
1642114105667823418 72.962040 0.000000
1642114105740849051 73.014818 0.000000
1642114105813785166 72.925640 0.000000
1642114105993243472 72.912870 0.000000
1642114106172679863 72.916128 0.000000
1642114106245628918 72.937563 0.000000
1642114106318872468 73.232746 0.000000
1642114106391768931 72.886314 0.000000
1642114106464718482 72.938856 0.000000
1642114106537577733 72.848767 0.000000
1642114106610497179 72.908987 0.000000
1642114106683435684 72.928386 0.000000
1642114106756289012 72.842487 0.000000
1642114106829212381 72.912725 0.000000
1642114106902157778 72.936801 0.000000
1642114106975243982 73.075814 0.000000
1642114107048319452 73.064845 0.000000
1642114107121302956 72.972764 0.000000
1642114107194212173 72.864509 0.000000
1642114107373585387 72.827658 0.000000
1642114107446545522 72.949601 0.000000
1642114107519646987 73.090479 0.000000
1642114107592605298 72.947046 0.000000
1642114107665591931 72.976053 0.000000
1642114107738531062 72.929294 0.000000
1642114107811576351 73.034705 0.000000
1642114107884382378 72.796164 0.000000
1642114107957437084 73.043800 0.000000
1642114108030351969 72.906030 0.000000
1642114108103212994 72.850145 0.000000
1642114108176140333 72.916032 0.000000
1642114108249025484 72.874943 0.000000
1642114108321940219 72.906576 0.000000
1642114108394810060 72.859832 0.000000
1642114108467708151 72.887807 0.000000
1642114108540499769 72.781940 0.000000
1642114108613339505 72.829462 0.000000
1642114108686331043 72.982468 0.000000
1642114108759347761 73.006774 0.000000
1642114108832324986 72.966390 0.000000
1642114108905125380 72.790200 0.000000
1642114108978030061 72.895329 0.000000
1642114109050985551 72.944524 0.000000
1642114109124013870 73.017078 0.000000
1642114109197039959 73.015444 0.000000
1642114109270005658 72.955495 0.000000
1642114109343042136 73.026575 0.000000
1642114109415997731 72.947777 0.000000
1642114109489059924 73.051418 0.000000
1642114109562184246 73.113102 0.000000
1642114109635159507 72.959173 0.000000
1642114109708059989 72.889702 0.000000
1642114109780981615 72.912134 0.000000
1642114109853797254 72.805946 0.000000
1642114109926684635 72.877303 0.000000
1642114109999547484 72.854134 0.000000
1642114110072365198 72.807746 0.000000
1642114110145191397 72.816602 0.000000
1642114110218011631 72.809128 0.000000
1642114110290843563 72.821418 0.000000
1642114110363762372 72.908746 0.000000
1642114110436531418 72.759393 0.000000
1642114110509236701 72.695019 0.000000
1642114110582216100 72.969332 0.000000
1642114110655218274 72.993398 0.000000
1642114110834663058 72.867149 0.000000
1642114111014209118 72.880841 0.000000
1642114111193760630 73.021664 0.000000
1642114111266558793 72.788029 0.000000
1642114111339410556 72.843027 0.000000
1642114111412422682 73.001006 0.000000
1642114111485301534 72.867896 0.000000
1642114111558269522 72.956661 0.000000
1642114111631156658 72.877032 0.000000
1642114111704055771 72.878610 0.000000
1642114111776961806 72.895681 0.000000
1642114111849845668 72.873674 0.000000
1642114111922640714 72.784676 0.000000
1642114111995426965 72.776288 0.000000
1642114112068568883 73.131444 0.000000
1642114112141366520 72.787669 0.000000
1642114112320819929 72.892659 0.000000
1642114112393785302 72.953680 0.000000
1642114112466781676 72.985640 0.000000
1642114112539604501 72.811244 0.000000
1642114112612692334 73.077423 0.000000
1642114112685668146 72.963959 0.000000
1642114112758521808 72.843660 0.000000
1642114112831500722 72.968655 0.000000
1642114112904350250 72.839374 0.000000
1642114112977255668 72.895455 0.000000
1642114113050195125 72.928997 0.000000
1642114113123000375 72.794520 0.000000
1642114113195912583 72.902241 0.000000
1642114113268782985 72.860388 0.000000
1642114113341746302 72.953028 0.000000
1642114113414582820 72.826133 0.000000
1642114113487360796 72.767782 0.000000
1642114113560357561 72.986175 0.000000
1642114113633313501 72.945376 0.000000
1642114113706310387 72.986892 0.000000
1642114113779314129 72.993608 0.000000
1642114113852330876 73.007345 0.000000
1642114113925310205 72.968654 0.000000
1642114113998071438 72.751129 0.000000
1642114114070969709 72.888664 0.000000
1642114114143742794 72.763147 0.000000
1642114114216595303 72.842572 0.000000
1642114114289456593 72.851533 0.000000
1642114114362281078 72.814226 0.000000
1642114114435123283 72.832108 0.000000
1642114114507942295 72.808632 0.000000
1642114114580909481 72.956868 0.000000
1642114114653786132 72.865665 0.000000
1642114114726574252 72.777741 0.000000
1642114114799408960 72.824474 0.000000
1642114114872307321 72.888473 0.000000
1642114114945172425 72.854910 0.000000
1642114115018097223 72.914940 0.000000
1642114115091037316 72.930110 0.000000
1642114115163876891 72.828579 0.000000
1642114115343319850 72.833255 0.000000
1642114115416139081 72.808447 0.000000
1642114115488919989 72.770749 0.000000
1642114115561689876 72.759634 0.000000
1642114115634416528 72.716518 0.000000
1642114115707158936 72.732956 0.000000
1642114115779899254 72.730471 0.000000
1642114115852828046 72.919465 0.000000
1642114115925714580 72.876074 0.000000
1642114115998533516 72.809325 0.000000
1642114116071286910 72.743270 0.000000
1642114116144107641 72.810617 0.000000
1642114116216862182 72.744814 0.000000
1642114116289698098 72.825401 0.000000
1642114116362516317 72.808386 0.000000
1642114116435381657 72.856068 0.000000
1642114116508167421 72.775696 0.000000
1642114116581067696 72.890212 0.000000
1642114116653869512 72.793442 0.000000
1642114116726654289 72.774619 0.000000
1642114116799512241 72.848095 0.000000
1642114116872357208 72.834413 0.000000
1642114116945195404 72.827672 0.000000
1642114117018205991 72.999897 0.000000
1642114117091270976 73.053944 0.000000
1642114117164235280 72.953384 0.000000
1642114117237057248 72.811218 0.000000
1642114117309948728 72.881291 0.000000
1642114117382853810 72.894612 0.000000
1642114117455755002 72.890167 0.000000
1642114117528547006 72.781258 0.000000
1642114117601345835 72.776643 0.000000
1642114117674392597 73.037149 0.000000
1642114117747357699 72.955044 0.000000
1642114117820350594 72.982180 0.000000
1642114117893317044 72.955755 0.000000
1642114117966253233 72.926025 0.000000
1642114118039250339 72.986115 0.000000
1642114118112076552 72.816250 0.000000
1642114118184986750 72.901337 0.000000
1642114118257848496 72.837459 0.000000
1642114118330602256 72.744092 0.000000
1642114118403480940 72.868115 0.000000
1642114118476417465 72.926507 0.000000
1642114118549268146 72.839820 0.000000
1642114118622157726 72.879782 0.000000
1642114118694998804 72.830618 0.000000
1642114118874275735 72.732043 0.000000
1642114118947156260 72.866507 0.000000
1642114119020182017 73.015454 0.000000
1642114119093227786 73.034613 0.000000
1642114119166165684 72.927854 0.000000
1642114119239176317 73.000885 0.000000
1642114119312079845 72.892883 0.000000
1642114119385075166 72.983729 0.000000
1642114119458001532 72.916103 0.000000
1642114119530755547 72.745069 0.000000
1642114119603607885 72.842265 0.000000
1642114119676342826 72.721970 0.000000
1642114119749215042 72.862508 0.000000
1642114119822161033 72.935617 0.000000
1642114120001641433 72.850068 0.000000
1642114120074580845 72.925129 0.000000
1642114120147428417 72.837600 0.000000
1642114120220311121 72.872861 0.000000
1642114120293215105 72.893699 0.000000
1642114120472733644 72.885461 0.000000
1642114120545525723 72.777550 0.000000
1642114120618308289 72.772277 0.000000
1642114120691282155 72.963763 0.000000
1642114120764052152 72.759663 0.000000
1642114120943599097 72.895018 0.000000
1642114121016490753 72.881607 0.000000
1642114121089421859 72.920978 0.000000
1642114121162367736 72.935347 0.000000
1642114121235318964 72.941512 0.000000
1642114121308416785 73.088037 0.000000
1642114121381217523 72.789918 0.000000
1642114121453977091 72.748727 0.000000
1642114121526769009 72.781118 0.000000
1642114121599673158 72.894186 0.000000
1642114121672434405 72.750477 0.000000
1642114121745209102 72.764278 0.000000
1642114121818503840 73.284771 0.000000
1642114121891361301 72.841974 0.000000
1642114121964275268 72.903734 0.000000
1642114122037028782 72.742027 0.000000
1642114122109890071 72.850890 0.000000
1642114122182869996 72.969171 0.000000
1642114122255735992 72.855566 0.000000
1642114122328728477 72.981971 0.000000
1642114122401804947 73.063520 0.000000
1642114122474542639 72.728245 0.000000
1642114122547373186 72.820429 0.000000
1642114122620286382 72.903268 0.000000
1642114122693546874 73.249838 0.000000
1642114122766407112 72.849392 0.000000
1642114122839380387 72.959508 0.000000
1642114122912277690 72.886843 0.000000
1642114122985289820 73.001881 0.000000
1642114123058229237 72.928922 0.000000
1642114123131036235 72.796143 0.000000
1642114123203877573 72.830979 0.000000
1642114123276742425 72.854318 0.000000
1642114123349591491 72.838561 0.000000
1642114123422362460 72.756300 0.000000
1642114123495172510 72.795621 0.000000
1642114123568560390 73.378172 0.000000
1642114123748009141 72.863520 0.000000
1642114123820787532 72.767050 0.000000
1642114123893684494 72.892489 0.000000
1642114123966532583 72.838010 0.000000
1642114124039375605 72.832502 0.000000
1642114124112378769 72.993116 0.000000
1642114124185452287 73.062147 0.000000
1642114124259058120 73.341302 0.000000
1642114124331945920 72.877712 0.000000
1642114124404999878 73.041123 0.000000
1642114124477886190 72.875472 0.000000
1642114124550802979 72.906836 0.000000
1642114124623650661 72.836175 0.000000
1642114124696595610 72.935904 0.000000
1642114124769579881 72.973886 0.000000
1642114124842539519 72.949730 0.000000
1642114124915578526 73.029135 0.000000
1642114124988460379 72.872616 0.000000
1642114125061516306 73.045472 0.000000
1642114125134409053 72.882508 0.000000
1642114125207322679 72.904920 0.000000
1642114125280109966 72.777489 0.000000
1642114125353100682 72.979976 0.000000
1642114125425937699 72.827535 0.000000
1642114125498762628 72.815608 0.000000
1642114125571685997 72.914884 0.000000
1642114125644496744 72.801325 0.000000
1642114125823853771 72.845658 0.000000
1642114126003351560 72.928581 0.000000
1642114126076305138 72.942203 0.000000
1642114126149199926 72.885035 0.000000
1642114126222068060 72.859029 0.000000
1642114126295026511 72.947846 0.000000
1642114126367907646 72.871527 0.000000
1642114126440809259 72.891810 0.000000
1642114126620353271 72.910538 0.000000
1642114126693399961 73.035203 0.000000
1642114126766398104 72.986656 0.000000
1642114126839293598 72.884914 0.000000
1642114126912252965 72.948172 0.000000
1642114126985056821 72.792855 0.000000
1642114127057772921 72.706243 0.000000
1642114127130641447 72.861916 0.000000
1642114127310192520 72.903161 0.000000
1642114127383047845 72.844459 0.000000
1642114127456024398 72.966414 0.000000
1642114127529109597 73.073448 0.000000
1642114127602133666 73.013373 0.000000
1642114127675133467 72.989051 0.000000
1642114127748078376 72.934740 0.000000
1642114127821146616 73.058422 0.000000
1642114127894222058 73.065474 0.000000
1642114127967226897 72.995391 0.000000
1642114128146716767 72.913767 0.000000
1642114128219702246 72.974468 0.000000
1642114128399049489 72.892993 0.000000
1642114128471924189 72.864271 0.000000
1642114128544848409 72.914037 0.000000
1642114128617799953 72.940539 0.000000
1642114128690646618 72.837523 0.000000
1642114128763697598 73.040811 0.000000
1642114128943422235 73.191567 0.000000
1642114129016258410 72.824829 0.000000
1642114129089185302 72.916592 0.000000
1642114129162157950 72.961928 0.000000
1642114129235011461 72.842761 0.000000
1642114129307907365 72.884859 0.000000
1642114129380775324 72.858336 0.000000
1642114129453715316 72.929734 0.000000
1642114129526388237 72.663022 0.000000
1642114129599416404 73.018034 0.000000
1642114129672423453 72.996118 0.000000
1642114129745371222 72.939175 0.000000
1642114129818299657 72.917740 0.000000
1642114129891208617 72.898861 0.000000
1642114129964079709 72.860617 0.000000
1642114130036985537 72.891800 0.000000
1642114130109804862 72.808897 0.000000
1642114130182654644 72.839754 0.000000
1642114130255468924 72.804998 0.000000
1642114130328417716 72.938403 0.000000
1642114130401289950 72.860909 0.000000
1642114130474060318 72.761552 0.000000
1642114130547011535 72.941224 0.000000
1642114130619801924 72.778611 0.000000
1642114130693111035 73.299464 0.000000
1642114130765953901 72.832742 0.000000
1642114130838732983 72.768789 0.000000
1642114130911617331 72.874169 0.000000
1642114130984519194 72.889855 0.000000
1642114131057518188 72.987146 0.000000
1642114131130494344 72.965251 0.000000
1642114131203588956 73.082899 0.000000
1642114131276544038 72.944397 0.000000
1642114131349556955 73.001435 0.000000
1642114131422430557 72.862942 0.000000
1642114131495266421 72.824759 0.000000
1642114131674625201 72.869061 0.000000
1642114131747374725 72.734695 0.000000
1642114131820361680 72.975830 0.000000
1642114131893242129 72.869232 0.000000
1642114131966139025 72.887855 0.000000
1642114132145510460 72.822033 0.000000
1642114132218363328 72.832306 0.000000
1642114132291369374 72.994173 0.000000
1642114132364405474 73.025215 0.000000
1642114132437332065 72.916717 0.000000
1642114132510359184 73.016224 0.000000
1642114132583285590 72.915841 0.000000
1642114132656343817 73.047261 0.000000
1642114132729521031 73.166459 0.000000
1642114132908935725 72.876675 0.000000
1642114132981789201 72.842750 0.000000
1642114133054755233 72.956109 0.000000
1642114133127696162 72.930589 0.000000
1642114133200709931 73.003986 0.000000
1642114133273612951 72.891097 0.000000
1642114133346462787 72.839287 0.000000
1642114133525894262 72.845427 0.000000
1642114133598800284 72.895788 0.000000
1642114133671783326 72.973013 0.000000
1642114133744769034 72.974928 0.000000
1642114133818023403 73.243258 0.000000
1642114133890877449 72.843622 0.000000
1642114133963785151 72.897338 0.000000
1642114134036789693 72.994513 0.000000
