1642114101028810292 0.000000 11.998469 12 1 0.000000
1642114102029036305 0.000000 13.996837 14 1 0.000000
1642114103029294140 0.000000 12.996649 13 1 0.000000
1642114104029570995 0.000000 12.996402 13 1 0.000000
1642114105029726851 0.000000 13.997818 14 1 0.000000
1642114105993243472 75.568211 13.492245 13 1 0.000000
1642114106975243982 75.527312 13.238282 13 1 0.000000
1642114108030351969 75.351099 13.268784 14 1 0.000000
1642114108978030061 72.888300 13.717738 13 1 0.000000
1642114109999547484 72.954986 13.705102 14 1 0.000000
1642114111014209118 78.039135 12.812153 13 0 0.000000
1642114111995426965 75.466266 13.248842 13 1 0.000000
1642114112977255668 75.513914 13.240599 13 1 0.000000
1642114113998071438 72.905162 13.714522 14 1 0.000000
1642114115018097223 72.848854 13.725143 14 1 0.000000
1642114115998533516 75.407289 13.259403 13 1 0.000000
1642114117018205991 72.823757 13.729899 14 1 0.000000
1642114117966253233 72.915282 13.712397 13 1 0.000000
1642114119020182017 75.268368 13.283630 14 1 0.000000
1642114120001641433 75.485193 13.245581 13 1 0.000000
1642114121016490753 78.052084 12.809784 13 1 0.000000
1642114121964275268 72.895774 13.716198 13 1 0.000000
1642114122985289820 72.918754 13.711852 14 1 0.000000
1642114123966532583 75.468730 13.248505 13 1 0.000000
1642114124988460379 72.966261 13.699598 14 1 0.000000
1642114126003351560 78.057105 12.809255 13 1 0.000000
1642114126985056821 75.504090 13.242264 13 1 0.000000
1642114127967226897 75.540231 13.235997 13 1 0.000000
1642114129016258410 80.681556 12.392383 13 1 0.000000
1642114130036985537 72.898541 13.715713 14 1 0.000000
1642114130984519194 72.876874 13.719829 13 1 0.000000
1642114131966139025 75.496835 13.243416 13 1 0.000000
1642114132981789201 78.111765 12.799683 13 1 0.000000
1642114134036789693 75.346137 13.270136 14 1 0.000000
1642114135040096390 0.000000 12.957153 13 1 0.000000
1642114136040293257 0.000000 13.997244 14 1 0.000000
1642114137040538186 0.000000 12.996817 13 1 0.000000
1642114138040759789 0.000000 13.996898 14 1 0.000000
1642114139040974375 0.000000 12.997211 13 1 0.000000
